395
7483 13
7478 29502 77183 31611 20622 66752 6445 84643 53374 10650 19150 56530 20041
8650 14
5864 69041 21607 96930 87913 93848 4802 10577 894 49860 48824 53717 7244 25576
8169 10
74446 52796 32596 45245 16880 63248 98673 8280 91462 9245
6438 14
31212 48940 84986 42372 32723 52163 64564 62112 10160 32081 95718 64549 58259 62177
2674 12
20642 46453 96475 75515 81955 35773 1760 10400 93114 14283 73280 1459
3053 19
30954 62092 6028 41613 34348 438 34843 48584 69627 66872 68751 30847 49770 21627 36424 49748 73658 69322 44512
4960 16
73746 1005 72048 36033 44194 32912 21425 7315 35560 38251 79715 45389 62492 32663 69487 36651
3873 18
92808 36112 48994 22553 1533 84378 26999 73385 23014 31234 92731 82116 74429 40759 5573 25764 6843 33800
699 19
23773 32827 7888 92304 82912 63799 94146 54313 28292 89322 74873 49052 67302 2040 21691 48721 57289 34845 56321
2442 20
98604 84503 25730 48399 73543 99505 48981 58775 27609 31444 48214 4533 40660 16400 72868 16842 69852 62385 96549 9663
6816 18
6601 38424 31124 12193 95174 73451 48405 14906 98921 70492 94138 69605 97106 25735 60288 35697 87883 48701
3398 14
13517 17268 93840 70501 86247 79244 68618 29299 25618 49578 49453 12950 71260 93139
5676 14
83598 68784 70921 61258 14514 2073 44583 83412 84473 91866 83921 92871 63643 47595
2338 16
62534 75286 67777 96287 44022 81215 99450 27208 45100 40728 60888 1687 87519 30916 40544 12789
9416 12
98943 46844 54138 70785 22087 92049 24126 3871 13468 13415 60116 18352
8644 15
35464 89846 73627 76680 22724 51062 68386 89898 23452 34877 87213 26767 53074 34444 30861
3959 11
23362 57804 57012 89702 1261 86251 74098 63798 12426 95114 7225
8469 12
44776 90160 39953 8638 78166 88438 24901 37793 75818 13441 22699 33410
5481 20
92815 22218 91840 6010 99293 32190 26812 91537 11602 27096 73486 87430 77802 35425 26150 32556 64489 76109 60798 63430
6796 17
87322 95671 42684 80771 62617 81923 42679 55624 44539 75142 77659 87744 12280 84836 88961 35025 62000
4011 16
56544 17556 27377 93247 91863 62780 27333 91367 45199 64750 19886 71497 25444 95834 84344 37512
9992 17
65697 18310 63811 12834 19245 84675 24118 50037 21906 60898 65970 2448 94642 54487 28487 97315 11896
6573 10
97986 90076 17491 54403 82428 27417 92807 25795 96088 6298
5609 15
62312 31953 94802 85940 14111 76186 79839 75698 45178 17540 84210 10235 82757 53802 58467
2051 19
28053 152 50970 42290 21028 51747 3530 79927 61733 45041 66065 99709 59677 47979 7639 60871 69665 32773 66358
9455 13
25472 24220 31552 40365 24306 17840 48041 74603 93984 63446 50599 31731 31331
5790 12
13673 77699 87615 24368 86630 58654 15165 51209 16647 575 89216 45193
2233 15
48851 98684 10891 40443 52084 23838 61160 66997 72735 7800 23356 18383 24448 18621 24127
6787 15
82924 36894 44132 42098 46980 1430 724 10664 72288 52415 15375 92747 22051 57263 79100
9906 14
23455 11028 28601 484 77875 51599 10290 94805 45726 80751 42280 21823 59724 39590
6639 15
47068 90877 39311 80421 69990 60660 73787 15573 94302 26462 4937 61203 15161 13141 93723
3244 18
59907 64587 10008 88682 67103 41598 66855 4845 79284 58745 18847 12467 69118 23515 59989 36766 96882 97046
5137 13
20283 12560 20738 29934 33975 77115 11978 5984 96757 62872 75029 59838 10035
6814 11
34219 89769 47988 11644 28698 94721 69706 80318 64063 30338 67486
2127 19
82650 99260 101 58409 24264 32759 76325 26695 53221 61867 29851 64279 99788 35682 37197 56781 93557 51072 15442
5352 19
88351 41030 17964 98738 59949 21095 25045 5795 90614 68770 2262 55325 97559 78988 34744 66857 59355 4535 2614
8308 17
28536 11690 35573 92588 85094 54020 16115 49947 17580 50818 69276 23845 22146 87386 20217 85906 85560
4674 15
66041 16763 6656 2177 60039 32807 58008 7821 75598 3839 15315 97817 22114 73723 20277
139 15
54397 2234 12298 4884 4072 29872 35989 78308 59516 34165 59816 56343 46684 87626 7340
8613 20
50683 34227 28574 89288 51849 93189 54571 34023 9037 40149 90998 1713 69355 91488 128 1234 84969 63359 36244 46159
9693 11
75242 84235 16326 56800 93361 58719 8208 94679 33457 92093 92901
9861 19
80881 27791 83404 39962 781 91849 22986 35112 21458 67306 16663 96143 73315 31736 57890 91812 48795 41947 48099
926 10
24635 87580 61774 35776 84486 63947 4117 62344 10820 58282
611 13
36135 94347 23220 99145 46752 91334 25717 81912 71245 19440 74998 67845 14206
9810 10
53684 72649 95564 4726 1912 53669 7955 33464 8905 93754
6456 19
82731 23142 82840 86932 88683 35611 95244 75672 42213 56189 73055 33385 42745 49266 91374 14223 61073 70427 78235
3872 10
14823 1553 802 97623 30794 22220 99775 79822 5104 44418
3221 17
17802 39336 64691 834 2830 67479 29733 32901 84188 71858 27555 83843 23001 47918 90384 26746 74370
4792 11
48949 82476 17642 97959 96204 40783 89030 35511 16623 60722 85844
3640 14
92035 99345 67184 26199 98646 68684 43153 60602 30066 22788 87124 62575 15809 17422
5667 12
45343 76586 1941 43388 4147 79288 88319 85402 32891 70737 28249 92345
3911 17
13515 59299 75134 83408 27976 44991 95828 81688 67263 3737 21063 80813 79329 29816 82337 43879 77208
9465 18
18010 18415 61484 35774 20885 43119 50407 1974 18494 46238 44974 68924 71048 24072 28695 60222 83611 55448
4048 17
54933 6309 51367 22165 64350 92909 40594 36614 75774 49270 61874 48984 53362 71807 44613 20039 97326
3303 17
38242 40041 41581 58545 85269 23538 76567 84252 4578 2499 13727 3307 71522 6550 89360 29877 89920
9789 16
11683 39085 64435 71738 14352 15583 91474 41201 31008 62942 68056 4156 77978 15610 85237 58980
2404 12
64553 41180 93015 47123 88749 72483 2027 46578 51445 10716 22174 75977
4918 12
73464 35309 59583 74519 8663 3139 4423 481 41714 6969 2929 12180
2978 12
86796 9083 93759 63587 49282 64322 22868 52591 23261 31669 38347 40746
5038 20
67749 78247 88107 37982 32668 54864 36290 96931 50104 91987 84565 81110 67135 6430 31163 14738 77791 54796 51270 55744
9260 18
14984 61835 53201 62750 19858 16003 37030 7110 50276 44093 88279 34717 25254 37728 18420 43062 83014 80160
3096 10
13740 95770 62221 65066 96648 58422 8355 60856 75637 32993
3006 13
7983 20 14842 26246 30322 13703 99606 4118 32318 98455 32816 68702 53459
5828 19
31959 92313 83035 82543 38708 26996 26011 99593 32761 19665 96799 8329 81474 3214 74067 6750 86146 71257 93889
6620 19
78397 34407 82787 68616 28426 58252 67639 11610 57799 73468 9849 20893 43459 30693 36538 46322 62730 74278 22378
1156 13
83402 12644 67282 57246 88234 1208 37714 87374 8430 42187 60466 38088 74492
2930 15
52579 44483 87247 62603 67832 32281 80404 93054 92776 31506 6413 30043 60219 30664 79520
7523 20
10563 26628 1551 13599 54877 2153 58611 91312 95438 86514 82132 27534 7255 68484 35233 52626 65695 54698 56109 40206
1905 15
34540 90579 69789 5214 42113 88002 33696 31564 6365 23928 31412 39096 31073 65062 94174
5136 11
22976 84552 69971 15429 83703 29924 9461 39047 78499 2789 87912
3717 10
8590 48421 4518 24056 66609 97535 31884 96697 80541 47402
2116 17
23896 36222 6945 85573 37416 49982 82282 74607 53363 44482 38115 32008 20270 84242 56277 53445 32494
8043 18
34280 84139 88094 79888 31106 16620 4648 40060 61488 88933 95448 5351 54046 20583 10975 41525 90132 76339
9688 13
10427 71123 39905 27443 44090 97888 76008 9482 10213 1440 70708 89480 42910
3052 12
40708 77918 96397 27905 70283 55255 60593 9617 74867 20065 18689 92615
2616 18
88906 61750 12720 58420 55960 78197 16281 37070 80623 73573 25210 40322 34388 25787 57286 40313 26090 91289
2087 11
82331 20164 36380 48039 39188 84909 27004 27175 14884 31605 34161
1610 16
57878 71080 90712 22222 40281 4030 67893 32351 67703 39297 72006 31494 5395 8848 9785 46454
1335 11
76411 75631 458 69886 99689 45163 37741 20930 47584 21799 56602
6551 15
14171 25067 74055 44445 40626 48500 39798 8213 19413 22292 44941 41145 17053 21946 54994
6818 13
37154 59500 71584 15434 31830 83126 16155 35848 3959 69715 45620 18562 64663
3300 13
449 92374 85701 98009 58067 55747 85728 26871 50803 1649 87406 23429 76810
6718 20
1672 46024 25050 22505 86973 73545 45002 49208 90174 65227 90812 48788 76171 6306 14462 5870 84004 21013 38427 11486
6826 14
44766 75337 52131 41184 46958 6581 98963 56931 18798 49952 35453 17486 31516 45341
9674 15
23051 9759 25937 59781 66355 19148 40353 8949 61077 55683 70991 49025 5037 58778 83149
9482 10
15488 24971 22331 86026 3452 18846 57440 10665 6965 17836
3294 19
99181 67760 25172 79092 89124 1874 63666 3881 27329 17387 6154 57579 1 32059 1013 35009 53751 95669 95868
1619 11
20145 18077 84316 66443 93113 11813 70913 64868 51729 8221 67940
7062 14
99076 28166 37925 11935 62048 65575 55547 21577 69433 89174 28246 49311 89113 80286
6756 14
92996 49995 54306 78236 78366 38314 90014 38642 89985 16282 31520 89912 56301 58249
2346 9
90784 3616 22001 38852 62638 23022 75265 33916 2355
8383 16
24167 452 75635 86516 89314 14777 65800 78613 25398 94472 63860 19522 51280 71820 91056 70845
4262 15
99093 37079 20219 11500 22636 91301 66192 9998 16923 19258 2649 37766 95687 41660 99899
2243 14
44302 85118 6933 47617 74118 39539 8639 68084 12065 29146 45066 82539 1126 40624
573 18
65938 46368 870 62042 50059 26549 26340 77151 59961 92902 78772 35876 28165 83676 87552 96756 48089 15841
9638 13
55763 68397 54948 61154 62090 4281 655 53284 48586 84531 45336 15986 937
3313 19
15087 29810 39101 21240 78315 27001 16056 55400 69247 61534 27145 76838 97791 29372 86764 13500 54001 15393 12670
4712 17
62935 57697 44771 71798 82550 77602 41488 75400 78349 76110 34862 77387 59493 77327 96267 98770 66280
1814 11
16256 83692 67165 18023 80605 39103 79002 81056 70838 43728 72586
6107 11
54788 57899 35692 40983 57147 75760 80204 7771 78660 23954 63158
4188 20
55107 24790 78967 4685 65716 74653 48855 61295 3949 9443 98086 9776 42996 94512 95029 53254 61376 78816 40737 49469
910 12
35972 72688 94160 48982 1483 63118 36462 59749 70267 15580 31916 84782
6960 14
6247 71899 54459 19748 38352 10844 72698 50433 14405 67911 82588 69862 36781 61486
921 20
36741 30388 34669 55248 80451 99329 97067 98966 51518 95477 42771 13167 47782 50002 98339 32083 73568 41611 75446 87424
2409 18
11940 45794 81095 20734 87244 55335 98168 57236 11465 8839 33993 9271 43903 84870 63689 11507 69646 97187
9941 10
2249 75885 81091 22657 49356 35866 21924 33837 62087 29858
9598 10
47073 41813 18012 19338 77233 42152 5152 64800 37478 44751
2063 11
46938 3161 42157 47476 36094 24206 72757 55717 17942 76292 34446
9574 19
93797 32523 58606 78540 47383 62810 5934 2343 10510 30215 23994 15704 46276 99574 65428 97499 58472 59397 28041
6180 16
20439 4378 89906 46589 70122 34947 24706 73166 82980 63145 31646 18528 94243 86197 62722 21954
564 18
35729 19378 13264 57017 31776 78319 72193 84890 60967 57530 64152 26641 87993 79097 68194 37721 90861 22536
8844 14
2799 19007 65876 24369 89020 75456 81586 40351 98471 63152 55213 56901 11400 1398
5789 17
54566 87405 50132 13429 62416 347 78124 30447 69491 15119 16737 31614 89758 61402 34964 5401 97026
5736 13
34072 6524 95208 6920 99003 20135 90598 5729 22150 55280 32846 47874 66362
3061 20
22613 15962 20077 91936 6632 64670 95164 20567 14430 57090 40159 36616 57520 74465 95849 46670 88026 73747 43136 52590
7653 13
61981 15142 74535 46959 67146 72998 87106 72832 63045 75607 7168 74280 81156
1794 16
99073 14501 69216 77810 87667 86336 82367 56137 80647 42181 8223 28541 31082 40607 16541 58144
7328 17
62207 56233 93353 21600 37834 9161 59635 77539 62512 65090 4282 77324 54463 30685 9263 5739 50814
5126 16
10622 87771 5023 60540 70489 77224 62396 5647 16051 1500 38035 50923 53841 6329 93153 1274
2828 12
36392 13570 56128 13370 65178 47611 16492 92453 56721 38682 59827 44843
9648 15
84922 36163 16121 87426 56770 54396 99967 21626 2527 20886 37397 87142 54687 92146 6666
5749 15
7396 52459 7313 56815 42692 34459 79241 48140 7988 66541 10151 13239 81602 61353 91225
1424 18
35687 62620 5751 75603 74316 70030 18512 88092 60367 503 37377 82775 75658 88949 88912 43196 32595 76808
7821 10
27200 73014 27938 60773 72596 20879 93025 18195 36866 25756
4276 12
5834 7464 4031 62842 38894 61287 69872 12372 49242 48282 32976 78766
4279 14
85440 15832 444 10095 82621 54303 69266 68922 5318 55163 74936 12553 8351 60707
6506 20
24116 30919 63696 18166 14102 88699 87712 38531 69738 50555 36989 7474 29415 15720 28152 77282 33649 72108 3310 83010
7166 14
43444 35811 20255 99387 98138 86148 74754 49505 99442 34912 60913 59221 58833 60261
11 18
29132 74826 58221 77382 4869 36879 97198 67649 27005 82602 8607 83794 46556 87231 51837 38257 70210 73881
5662 14
71299 87211 65485 55674 58959 96852 68742 41931 12366 53058 4113 95348 9268 27932
3241 15
14499 2952 15590 83129 5407 72177 92684 26365 58480 8681 17440 99977 97797 57391 49355
7530 12
4571 51996 37256 36738 98622 80508 71942 10843 80264 47145 80002 44690
7130 18
34034 13216 6197 51078 102 55136 75610 44717 1009 77348 59518 22418 4070 10479 10466 53474 19473 57337
1937 18
69105 22489 93648 91844 57859 74192 44641 49694 2659 75463 87323 20797 5076 54879 50371 23226 38481 92847
5678 13
46381 93478 91130 16922 14000 99348 34966 12407 64207 74391 1690 70244 24480
2118 13
19476 45367 43260 10304 22766 74657 10672 70888 63669 48689 54730 38440 15838
2990 13
1694 86907 18740 19416 91454 21894 92293 59140 66032 96168 91357 55196 29099
7461 16
71691 67333 75232 52990 14775 57470 6449 43512 52921 85828 33883 93578 10928 52605 96070 32557
7839 17
53652 80364 56161 33866 99122 60653 74508 94038 16484 25222 33645 66130 4628 13704 25682 99997 67734
9167 20
92920 73258 8367 77225 11176 71673 21547 85517 69956 40075 80895 93263 67701 3914 41561 27139 52473 30912 36578 93134
2084 17
53988 94906 87210 88266 71806 50287 84135 69185 25025 73761 55897 39379 49855 9360 4702 21100 27528
4917 18
78551 60255 70897 43170 23512 70049 17080 83649 58957 62113 36926 86863 18989 27351 84626 17416 48856 26291
7412 20
68343 59333 45165 27169 52651 43542 5212 94954 33887 69932 33927 86753 9474 55422 31548 80424 34867 75750 17176 13706
5967 14
9946 83581 76999 94095 6588 2414 11589 5464 71030 62540 3208 18164 67705 68917
2003 13
2268 99236 19796 99886 1739 12922 41564 83822 45113 88547 78980 86225 2498
3109 10
89613 1094 84480 70931 5398 93747 52392 90908 50905 77712
674 11
65581 37711 53847 63881 21495 50241 11398 98968 38433 53917 49168
2192 13
48240 52912 16275 86238 71076 34569 49874 40339 23760 46551 47254 77861 27923
6771 20
55607 54073 91612 6711 24799 31153 1521 964 35489 25832 55391 14305 3648 30893 7836 22678 26910 91766 73974 26978
6650 20
89954 95778 89785 61723 66902 19097 65651 20578 24654 71887 45180 48965 76938 48680 68771 42801 35527 40209 39747 48210
2091 15
18151 94265 78724 38805 55930 32851 62641 26503 4295 21854 46405 94547 51513 89886 23965
8417 14
15806 34207 5554 54051 95160 69505 48496 29388 59672 84194 90421 91406 52090 52851
9361 14
26000 77398 51493 90063 35668 85414 73484 54890 75479 24317 71813 5323 78686 55433
2177 14
31104 64068 55049 30923 48816 11461 8328 8483 72534 85483 66445 68404 25679 39013
240 20
55689 37891 72409 49892 21367 95355 1622 88217 76863 73126 54767 43496 69382 14528 76683 90766 28567 15674 69742 63303
9566 10
52477 57624 65721 48216 76358 44518 60741 85657 3302 41865
1996 11
30382 63868 73587 26562 15683 69113 33775 67027 34632 40074 83088
69 13
61389 68154 51531 84681 86023 24952 65739 92147 5808 11810 61912 52387 35067
9629 17
76914 33547 63036 87028 69054 51633 13258 29531 18160 50041 56195 88717 60819 1721 30591 37812 8705
7407 17
71967 84012 19051 99915 65910 88573 17054 56070 58136 75113 18397 5091 72956 90246 64217 46170 41471
2786 14
37310 15562 29626 88803 99560 10714 7537 53376 38790 72419 55427 25368 27246 34993
5555 16
43114 41617 26780 15588 5128 48511 40617 72557 77368 44824 52666 43089 53231 21604 3773 88406
8738 16
34438 20614 68221 1081 42857 89237 2052 92795 33701 88550 485 69069 47390 10840 36519 41936
6218 14
28704 99660 71790 9772 18018 11167 26004 97296 70536 93996 36207 78879 52549 90010
5427 14
25335 48764 78939 92912 33340 16191 60495 95337 75811 28677 37203 70834 13678 96387
322 14
37233 86071 41345 22915 26229 52127 65870 72500 6746 11553 24630 98762 96607 47789
643 17
80377 73064 23442 87427 71602 81916 65144 55374 62582 28243 99460 16021 4375 39678 84711 8537 36961
4609 10
45675 27165 18618 64112 14716 88403 23197 31435 4505 98779
2276 15
16594 88880 49600 40974 53887 39529 60061 28198 83080 75298 80809 50057 59168 43859 22235
9926 17
60582 88696 93284 90990 60362 78372 83446 47992 61502 56215 85636 31119 84581 64989 28125 81947 51440
75 12
72551 43652 28823 22522 43815 92243 80304 45665 65236 19632 28878 90752
1551 19
57630 56068 37223 9404 57225 8504 4790 2684 97317 68416 88606 44066 60973 97265 34746 12481 51535 41567 21609
6235 20
54675 98310 2510 89751 51514 33564 21213 14188 78483 27975 20599 23126 10813 67868 16201 74048 89434 85956 44347 43368
9689 14
52717 16618 25065 24717 82941 57232 92443 20901 99959 26460 41822 99017 52173 99039
165 19
70232 77458 56855 28355 37089 6338 82111 76135 81958 78600 57068 71402 78531 77356 91426 51720 33518 88798 29967
8033 18
2919 8024 90525 38348 44501 88568 29245 46948 55854 41502 99271 73056 64948 85106 26887 68909 86261 87991
8976 20
99108 935 11277 65931 89239 74851 53060 12849 78872 73120 10516 7834 3108 64180 33228 82073 43847 99779 51487 6077
9126 11
87725 93125 95054 7305 5255 50558 8598 92754 5381 64529 69043
1318 20
30334 99962 14868 53550 80494 57100 10334 95654 15196 98679 61901 55870 81761 31460 29097 44748 97398 33648 49411 82763
2044 20
29958 39554 69029 71861 27066 89068 25945 63471 64546 92294 79761 7230 69976 59429 90947 34336 2766 73699 63723 84863
9959 14
4214 58183 7285 44815 52749 26480 38560 9752 77174 14715 96191 6915 20609 98864
4343 10
98181 6854 2801 51840 27144 14267 30423 98499 63682 7638
54 16
67037 84312 25896 13920 66803 72890 42403 52778 1443 50638 97254 81349 16396 49211 24468 30585
5664 18
90558 48407 99451 46966 59453 89379 79939 64089 71750 23238 92874 56387 74449 23990 26666 47216 35355 6082
5023 18
71227 57179 42712 75447 32205 66078 8667 85676 13803 72850 31201 82184 73933 50887 5825 90649 87136 44869
7586 16
84757 80378 13396 79659 49041 72084 8613 27731 79780 65559 34950 95048 46510 27049 18042 9314
3840 15
96164 16237 5334 57288 77180 16075 82945 78316 22963 81718 85873 35383 99721 87178 21985
2509 10
14228 44888 15991 42915 2006 72907 17423 63796 16645 99990
2900 11
63775 64218 51805 28661 15207 47321 5624 8159 314 21725 42158
645 13
84181 55001 98599 29121 18510 6448 19778 41048 3243 26267 47155 34872 35601
6857 14
15612 86137 61611 70698 716 20089 62817 68854 63757 86539 59017 98015 87451 9302
9250 14
64333 91350 85035 44363 81473 22362 56990 26902 40283 47229 50572 401 36413 13243
1927 14
40567 86437 73243 91736 23592 23729 3347 57500 25473 77772 33481 45031 32340 27236
3218 14
97500 37840 95143 59691 5162 1010 52401 23072 46846 86848 23405 55521 84101 65795
8180 13
95481 61325 28946 41992 78188 54818 52039 9612 2533 75155 65147 50585 98201
5390 20
1629 26973 91957 41659 46059 96555 76674 98409 37734 9937 80485 5053 65140 61675 83944 32506 75021 41223 6763 41258
5142 12
89850 85622 72067 21438 72353 56963 94670 25283 94091 84764 38870 98935
4604 13
82423 12035 96775 63847 97600 66708 2724 98772 43924 39649 41997 15376 5038
6370 20
33734 88380 46583 427 32239 37690 34253 18097 91160 32566 93433 94898 93870 3501 84683 48312 43840 60385 40362 25601
4819 10
31965 81331 90984 557 60756 75208 60731 99325 84548 26213
5094 18
31735 82605 42126 66827 59218 68166 73576 49277 45437 35863 35148 67580 88548 80524 4146 24566 34413 64846
2926 15
54429 40328 65807 38518 73405 71063 64459 40243 766 79790 1535 3508 43807 58374 28810
6558 15
92724 1310 29905 13742 92593 32443 55430 38168 8947 35358 57102 63398 39113 18817 20371
4037 14
98773 10238 57868 36940 47427 81436 84441 54646 25943 37484 15345 90516 79528 56820
7734 19
95387 92277 95683 76638 73853 108 42257 25989 59922 16254 60539 23806 12479 47672 90738 41152 70372 96541 10068
6535 11
82449 90022 41789 58169 86490 73654 47292 85998 36114 87029 37635
1596 14
79620 43430 75356 25014 30880 29111 76098 99733 15116 66979 11141 5745 19531 2125
2131 18
39127 40821 96117 58267 57250 32293 28303 63610 30118 96149 83882 4950 49793 98680 60033 35568 99241 70660
3470 15
20558 98740 83206 73037 46955 33836 78132 77800 56067 88324 41087 72116 20222 44068 23632
6273 13
857 43226 75959 12488 97091 76040 62490 95368 12008 64713 60312 5951 12290
1181 10
5320 29214 28042 4193 28899 83554 92124 12567 78261 74718
3229 14
99601 45433 43290 25510 14939 60149 43248 45081 10429 9100 76434 96380 65445 74019
7466 13
16046 20898 13826 71446 58751 92083 13300 24447 85827 87747 38969 39625 55929
1812 20
90159 89310 81393 52135 40192 89741 97811 38890 66766 85113 78702 53322 87752 86931 87679 65584 26813 54479 78892 52496
4386 19
55589 81146 63486 27770 25605 55159 51559 8144 74910 53983 20278 58984 1441 41768 41057 51286 70149 2757 50686
9679 12
44680 72076 14328 40355 29676 47337 95311 15921 99983 5315 21988 57609
2366 14
77114 65455 49331 1973 60684 39807 1659 49368 15075 93864 78503 31925 6938 90125
8973 20
76599 52515 8089 94822 80592 18526 32010 72550 35726 20203 75414 54002 42555 6258 65888 82094 3804 16911 43139 103
9600 17
64856 87758 69973 48526 67015 29343 92817 19053 99091 53341 35134 78409 77425 84785 36851 83775 56260
7280 15
80899 6392 93565 38742 1658 24479 5116 55355 35081 2535 88372 35778 5917 4380 86327
5444 18
10256 61132 20854 3652 18930 47063 84560 98166 48021 6503 49271 18787 2622 53417 33361 65462 17988 48914
3548 10
40089 7620 43615 85798 98495 15037 49240 69461 72581 62046
6851 19
7601 88250 6744 10565 53761 4614 88064 29042 34749 67363 13616 20274 58695 75112 19728 13606 80767 89482 10621
6897 19
56907 95402 83304 28038 71074 14860 10856 3932 87937 54263 6564 43423 14925 48793 75602 16476 73295 54084 37550
661 20
48941 87312 32402 83190 46618 77606 50977 25973 15297 26557 49350 31489 55860 41272 44823 15973 86001 9112 5110 66405
1907 11
20878 48874 51976 46720 32833 60202 23642 17083 99838 80149 87661
339 18
55575 72357 17915 46187 86688 37593 13498 52082 34201 19998 36061 42160 43697 69372 88088 79228 27942 77635
5006 20
54408 54828 50106 68314 43268 21514 30427 91079 53649 6050 25614 12938 18289 57867 64415 76702 46101 95257 35815 39830
8972 17
22086 75702 14273 71802 41535 5849 30077 17654 51830 20421 62478 53092 85864 73211 45606 10030 77649
6929 9
37857 1246 41736 74880 48522 51237 91054 27730 59689
2440 12
36019 32503 17250 95621 29022 52280 48961 273 51054 38466 44569 95859
426 11
48728 5242 69733 49744 6427 63707 89569 34598 47318 98210 44266
998 17
87016 528 88412 5972 10341 71692 13501 94734 62563 57320 47320 48139 75094 84043 89149 62403 47095
3328 13
66257 60333 26713 68887 70920 47850 26667 12262 67785 57902 80203 16127 7347
713 16
76825 61069 40408 3566 91155 28713 45387 49475 28565 82198 32643 96448 89016 8217 52742 74248
2017 15
20243 5622 94563 97604 74179 75426 76967 3036 29367 17264 23740 57327 59125 8443 14595
2415 13
17257 95638 94287 27490 4557 80257 17962 42484 53402 36089 45738 86608 46548
907 9
36274 22820 38694 74734 47831 65891 45218 94303 65743
988 12
44001 6369 94636 63674 680 30576 51099 82782 79548 60135 5653 25124
8070 14
2615 39913 9028 66976 81476 14443 56742 59182 93400 96632 45026 28071 52774 29981
6733 12
26945 93077 40005 89258 49628 29486 95617 99115 22144 37530 16580 43975
1123 11
84388 15386 81414 60904 13407 25432 58159 92945 62034 39015 32793
9692 17
991 12574 90107 94674 59362 89000 4046 53196 17138 49181 6893 38246 70740 10196 45235 44492 95232
4613 11
64159 4585 38373 64138 12729 81600 17347 7768 61798 7670 69642
4991 13
94539 71099 52266 11289 6206 8806 32386 29939 65955 12143 40319 65617 99227
3679 16
43919 30290 53944 77953 73279 33897 32628 49586 15648 91484 54193 20209 39446 8895 23169 73820
6618 11
78488 45396 23316 96378 25153 5349 30485 54774 69228 43613 30986
7142 16
14558 43691 35387 19387 69766 72642 5224 61807 1585 27558 67052 76010 51013 98014 31774 1536
5171 20
16578 35832 10543 49129 52278 83485 98516 58294 59834 71222 53013 31258 22050 72825 72316 8111 32968 57161 30835 80163
5857 16
6504 40680 22716 72811 85184 94779 99699 7444 67607 86694 44471 65193 25390 58643 76320 32808
1661 19
24511 85544 148 38934 31834 63329 54200 78657 11558 39745 99581 61243 51298 24792 88907 35534 41620 75322 86486
429 18
50240 98693 9338 12563 74800 4563 69309 52052 90776 16011 34658 65576 97297 7651 74594 94069 22388 46763
6651 15
97922 17235 75521 51614 71387 21468 47244 74736 24752 52850 42422 56279 10564 34061 60822
9847 20
40102 53569 49572 25360 83320 76930 96190 11764 81346 98774 83562 67470 90236 51583 34886 42249 31148 86436 37905 85170
5823 13
88220 13532 49895 79718 66275 24400 55451 38145 9684 56423 86849 73523 62045
1401 19
21662 36831 18325 32087 99567 40839 88283 25313 59882 89744 650 63603 33765 10209 4430 85309 63672 77727 41249
5002 12
23352 31469 26815 79017 56284 79583 4951 10707 62072 18834 62394 74901
4019 18
46896 75900 24748 73502 77622 68577 8242 4418 93507 11158 45883 22638 28194 97352 57610 70984 86048 97287
8330 17
75340 35579 80067 19806 17885 30160 63306 55804 35551 48779 27438 58250 62001 45963 59117 91846 86200
9190 19
96357 1958 45448 64270 18878 19799 36270 50787 26855 69650 73766 50452 36196 81730 85464 6343 82163 37077 30253
9752 10
27133 97353 51247 3775 5944 43989 27738 55576 19038 7306
1659 13
6279 53843 75181 66551 60276 19804 50300 56181 17025 42808 55938 76475 43695
7658 12
8891 20970 40645 25826 48988 6353 16453 55638 25900 47815 31242 82620
1356 19
83283 52190 15920 73445 49706 77787 89796 40507 56979 61543 74453 1718 98328 70779 66975 57786 7850 74656 13975
2541 16
96147 57554 79040 25662 73929 12444 32094 41831 12038 54239 98796 29965 19302 59039 14967 5197
2826 17
42833 27031 27319 94735 69989 96238 65409 22339 89284 769 37111 6595 9304 17651 40478 8700 42370
6232 14
93005 79311 66470 94921 94613 11405 19078 94076 52136 39407 11374 31697 33573 24693
9986 14
48409 4568 27290 7492 13568 11635 92716 18829 59227 3996 67087 53312 70134 85635
3483 18
90279 11010 87119 51336 82304 72828 94901 909 87024 94004 37523 30642 18848 91934 88637 38455 69536 1098
2991 19
36568 38343 80187 71546 18985 82300 90602 69656 35481 465 85266 16259 37044 11897 37961 44075 3424 5604 11800
8482 20
70288 96977 78597 73754 63112 35307 57165 81431 79819 10884 67501 37324 61594 84574 47033 48488 80066 56376 15793 16809
3884 10
48650 12359 67465 48563 79821 16854 29028 63567 13120 35026
4509 11
83217 73001 6341 71811 50580 50063 88147 244 1256 5678 95328
7175 12
66907 75263 28784 39305 23413 28230 17709 96386 68888 4082 14897 55577
5502 13
50235 538 37230 86072 95575 44134 31933 74739 59022 87547 66290 7192 77010
8178 10
9401 81080 40436 45833 4923 53621 40020 50605 50677 96730
1618 20
30016 59773 98289 41190 34808 30245 87687 19733 97250 2216 37148 89628 52505 39408 59552 81907 27330 43601 36 16210
7718 16
56013 62902 45232 68845 27298 95154 43357 78201 87371 40897 35277 81664 60359 60428 38221 62446
6492 9
47686 86629 38826 62025 49255 23251 78408 15388 28525
4924 17
92541 59614 93078 48782 56151 13354 87012 66749 44645 21951 44115 99110 59889 33792 71417 66797 6532
5451 9
24619 97843 43091 96027 11394 84604 98744 66624 79931
360 9
51762 9390 19893 26241 80824 80851 77074 31367 18869
6634 14
86293 2045 95224 67365 10566 14480 20397 53104 11963 14221 20489 76078 92692 73348
9829 19
56041 83501 86822 88487 64120 77453 20136 75869 3990 47730 21391 97558 32779 67231 1070 11205 47315 51779 70861
5167 13
46379 34460 91696 36994 72007 38237 93921 73438 62964 19003 81952 93693 53574
3507 10
1983 45935 78255 90321 39656 49256 12840 28944 55491 38983
561 15
96955 95256 53763 74585 62468 97761 97800 8987 99897 85188 81332 72772 51002 25871 58923
8758 16
13373 66675 45583 57507 17985 77120 18403 74958 51760 95727 5445 60299 49244 24925 68057 36492
255 18
39570 82915 5672 46524 80009 79059 94892 79133 61948 28377 34142 18475 53204 60046 1534 48077 94936 65354
9080 13
62283 62624 88381 36678 10837 82772 71727 61045 50566 65491 25423 34134 27874
7368 10
56298 83691 14375 91433 40763 15296 10925 11093 18208 67270
4445 16
43752 62825 56712 43633 50809 86879 77720 60268 59127 42766 32619 96486 73735 63365 88140 14088
4395 19
66605 93942 77725 91034 9978 90725 91851 84928 93784 48010 82899 80554 14023 68609 78663 12772 69050 97933 19596
4231 18
22830 93013 28 33514 81509 90565 37715 26108 83453 7049 6070 21764 96225 17548 68464 48429 52359 24035
6253 19
51545 43682 10342 66108 98355 77863 34810 71436 81202 51490 43797 83025 25956 9713 56995 98882 51496 1822 96307
8591 18
31632 10379 50910 84079 55863 31112 79328 4367 30074 78446 94483 64419 92938 60267 60237 2595 49613 58214
8839 19
73517 13780 93992 11548 81713 62467 17418 61444 25692 80409 4964 15830 66404 30601 79479 48420 24954 25978 76776
6063 20
54575 67622 67848 78200 9552 95598 41516 96428 79788 1266 85987 48962 51504 36058 66962 28199 5828 91877 9218 50947
5890 12
45170 21303 87132 51014 54564 2906 38068 86418 6903 59698 74252 21789
310 14
56999 58340 2192 17185 14930 83307 27463 9345 99948 18449 22665 91758 75665 53010
4319 11
92950 64662 24612 49885 83203 61789 67521 5288 28815 31577 7365
5971 17
22135 38344 22971 30555 74513 36326 83747 37400 48281 66882 70249 29902 46878 26586 59170 17058 33269
2890 11
60955 55383 53382 58072 64427 8520 58129 58257 87869 4120 59460
820 19
17999 52153 81969 83119 30251 60338 20672 8452 54419 97361 27479 88971 82097 26664 9376 44633 86250 44370 66360
7736 15
29918 56439 99773 94907 51154 69643 7897 77480 63164 85917 1616 32385 13898 17270 16771
1813 14
15149 72561 86728 94960 8506 31624 41353 71192 32864 86714 21712 58637 55178 97048
5765 10
68457 4691 88576 21176 65957 54227 37791 89199 15756 86956
9350 16
52026 21805 86116 73452 12312 85579 35891 73293 53856 97322 71105 71689 43367 6068 13875 74829
7261 12
80930 42784 11531 19734 9894 56593 65000 44155 88509 78525 1049 69987
2161 13
85231 60933 8541 77726 35535 42313 79403 33316 54735 11177 27813 90603 29731
752 16
30917 12133 28446 16350 55619 93744 18064 61302 70551 31700 72792 39254 81483 26416 43031 91548
7803 17
49077 44789 74195 71749 77821 64949 29809 15174 22727 2896 4527 37021 12753 84449 27483 37234 54908
7967 15
87274 43138 30594 96830 20191 59764 76043 71696 70732 40555 81258 82680 3249 58473 48520
8728 18
71936 35203 33260 69082 65433 50050 87702 32405 56671 10134 74374 73194 74978 35881 72584 18116 81479 15654
8632 10
12150 56100 80526 77491 84600 57931 15455 4011 14281 43668
7071 11
83596 32802 54358 83688 40860 49768 61317 93910 72570 67657 28620
2776 14
29441 93717 21246 78989 59690 6571 12399 12978 50711 85673 20680 39135 18378 45737
1985 19
21711 53075 17474 61947 55034 21684 79703 44967 75766 36762 12654 46771 50199 52897 15175 71188 21898 72046 77460
4009 16
68550 23720 11151 46566 81097 470 12842 50902 48518 10299 19945 22849 6223 12036 88274 27711
5345 18
860 89116 97852 15602 94530 98257 32964 24450 62392 72349 11138 17624 31374 36536 95436 90912 13629 30131
3412 11
5991 42162 64487 19567 57935 18833 78420 62816 69278 2961 17186
2737 19
1780 35484 13839 78710 64827 77444 89450 43703 40330 3905 46156 80130 33748 31512 9560 3325 25708 87118 78758
1351 11
89302 21165 47154 31055 36187 28930 19843 91501 59813 2942 36129
794 10
74291 19230 26937 19564 94453 81411 19740 14396 9991 64596
3694 13
65797 5169 23734 15275 25839 18790 41072 71694 73461 336 51636 6270 8169
8751 13
47966 98134 97838 72545 86186 14149 95125 2229 75430 4492 64277 11360 5650
5134 12
91032 97031 78271 73307 68890 41570 6727 98153 79664 97582 10421 62796
8618 10
15525 17819 13828 98333 59270 55352 21205 80547 84943 43686
3247 11
90099 18090 32734 93240 81926 30501 22884 66506 94655 7233 65871
7349 12
59041 85279 26091 79362 33490 16892 31597 32445 80668 74246 84314 79401
3612 10
12164 75570 74097 94125 16598 22854 26970 15834 60652 25134
2138 13
5474 20154 37049 4045 49068 59919 70282 59528 76670 1663 43595 15015 25805
5558 17
81428 23092 84504 85980 52752 80896 57283 98107 43492 55631 73892 25135 79856 489 13453 69716 8906
7243 17
30369 27950 76394 57434 83823 91025 50394 11852 60513 77263 24818 43122 36003 42008 92712 41457 50324
1617 14
77589 93865 59984 29324 3912 28758 2333 90550 29606 91605 26184 19774 47934 70432
6939 10
51405 22972 62718 51249 35146 3723 99366 84569 87628 31143
9027 13
80014 57018 65839 672 33279 66363 7339 7881 32154 87363 96865 58873 65327
7104 16
6640 86511 88759 92978 52594 14464 11303 2984 50761 80549 31313 13281 61556 72320 71194 26014
205 16
48013 59987 38482 66489 17610 89409 35266 36301 64997 5036 28752 22789 15899 54398 81965 85922
8449 13
20646 45138 28274 80146 39740 8130 1067 63841 79160 6551 88496 150 18333
9092 12
70866 56179 39395 52279 14736 59636 33002 43902 83350 4727 61446 50047
6517 12
94997 68098 54157 30237 15326 21435 96553 69713 56846 82125 47637 77181
2986 12
14964 32452 94600 90172 9746 5536 75541 18884 10776 36128 79125 6110
1777 12
18594 13881 96529 65113 45429 12658 77184 12267 93435 43822 45486 90073
2904 10
19713 55723 27446 60058 54135 43181 31835 94923 42921 91335
7344 16
77416 66432 90169 12714 8712 77088 22816 26817 10626 61206 3380 48724 46076 36586 81481 65945
8917 14
32911 3456 38007 42526 18745 65614 10177 14901 40941 61097 22365 60134 39083 6604
7179 17
58721 36250 2258 68807 46987 41750 35544 38619 22200 37668 45570 53577 47013 95940 22705 59713 41291
198 13
36870 79943 3333 11316 19029 46140 9872 42091 40934 37953 86139 64023 38878
7281 18
4425 53518 35664 83800 8971 33026 20628 12771 39968 64213 88047 87511 27077 15340 74003 3009 92440 26693
4460 17
76084 82131 56836 43208 51201 95798 36327 54694 35789 42973 12804 69675 21702 98425 25169 8319 96436
1004 11
7509 2399 71234 62479 24346 19231 71759 40950 77426 99535 70011
6885 16
19537 27088 17732 85859 63259 5015 92336 6488 51407 82690 55405 57256 37539 6480 66579 69466
1023 14
9084 51587 94739 10828 85591 97098 27354 97587 89160 61112 55186 83452 43370 30515
1161 11
41509 24904 17614 57095 31630 50715 45754 83258 35684 47289 6615
6006 13
70357 1566 60527 44847 24682 82593 47446 84040 80012 86144 22513 91153 8714
4979 15
55331 34099 5945 52596 9990 18678 82888 57151 68539 69293 77280 17766 52458 98510 37300
555 16
28172 79265 57518 22635 29340 29929 67932 11256 35007 81758 83947 13054 26049 52206 52560 47424
5107 10
26124 16207 99782 91670 89436 71935 42282 90546 25261 74495
9423 13
36085 22882 45286 49658 90895 87100 54992 5340 29518 73513 36838 23440 12736
9077 11
19144 19468 25597 97153 46321 44704 8165 27174 32335 33616 74177
3854 18
2245 69562 45850 6534 36681 23466 80787 84046 23882 76913 94929 20817 92790 32246 28893 28622 27739 34562
1711 10
77518 15318 22263 27128 86544 81455 87749 45685 15797 67380
7630 15
2334 70287 37838 23548 58172 82939 86198 64382 60555 92006 1471 79061 20506 7311 47513
3981 14
34633 47001 29189 15513 11556 21890 16378 53195 24824 8408 29157 4900 51948 28564
177 18
56212 95196 74013 35086 79625 32108 58466 68856 24856 38787 859 58838 63728 41033 86060 56541 45612 722
7193 17
88975 59092 69087 45085 92266 69289 71752 85721 21857 59466 87526 81187 84847 82055 28134 39397 53826
4705 16
37941 9691 51664 92431 71928 26982 33664 24661 95102 66365 29112 15961 28939 58350 46654 27498
4101 13
2013 20012 840 65631 92118 16166 39838 8983 65510 30611 37650 97993 58277
1967 14
43927 40905 58156 8369 33135 92869 11981 43534 5236 44470 26335 73638 40595 82135
587 11
14665 73207 55872 43069 53810 56129 5159 79343 80208 89899 9451
7511 14
16503 31358 7833 33910 61640 75046 76480 59683 60278 56141 8434 86698 71537 77109
4871 20
920 12492 79041 29616 52743 42134 10014 2030 11543 55914 58146 68337 17652 50357 83073 98377 18945 17164 66996 72701
7819 20
47416 71839 45905 88097 42215 89224 58796 8183 21414 86747 20549 60221 53006 39170 32704 86604 1367 37514 85469 58040
1868 12
26663 11514 31924 61130 16181 68996 57376 50201 96293 57160 23550 7898
2652 16
63502 9734 65446 65701 65834 15734 46407 67212 89908 63606 81516 91425 44178 31093 76209 22805
1642 12
60376 28992 27676 39035 40340 3529 44640 60189 90029 33251 32091 80174
5707 17
77110 55450 94206 85162 73003 64178 76052 46879 82908 45800 88993 1421 29307 52522 69918 49598 10591
4059 10
95569 62569 88056 12229 19054 3166 23918 50230 86716 36425
9053 16
40703 71014 5886 1638 87880 16455 62941 99762 85879 60614 5280 47051 76721 89802 55265 22199
9772 16
45682 10161 77264 41179 10639 18994 71956 39849 1331 12919 34725 70656 95372 90925 20394 63725
7491 17
32661 60681 24104 14389 29611 21049 39743 67568 89044 70505 75423 25513 39338 6316 43424 48935 69142
3938 10
83826 75092 43547 20791 92820 70893 38662 16110 59885 37595
2380 12
11146 42369 37395 29106 12664 65802 90457 11550 83028 6118 96137 75099
81 12
40496 50496 46586 31915 36541 62136 50891 83633 84897 10508 13133 44840
18 14
52395 75224 35169 98878 80302 64396 52255 56601 55842 73308 69057 29586 74997 74125
1634 13
75776 5282 2981 36241 90605 69902 34392 18305 15323 87092 774 57740 42058
5724 18
83428 63547 24578 72830 21401 8025 43701 12844 3319 13122 89956 53478 4331 91251 9003 93722 19536 64761
5064 15
58186 1436 904 76181 45071 36767 31266 55912 84578 92927 43448 51920 57941 56560 65751
7327 17
97546 91198 10089 2444 91892 66385 50738 80916 62968 5377 72011 85856 7209 89861 69788 23059 56397
7989 15
22925 80808 6800 31099 46874 12877 34694 46347 25304 39418 86559 92114 95793 33147 4181
3944 10
31866 21773 39648 64848 31687 71849 20268 340 45395 24737
1864 12
30623 34568 78112 46864 18625 94551 54703 96511 52248 22717 43957 33943
8696 18
35619 45104 86267 17085 89554 3876 87902 38304 24855 77630 82092 78115 2284 82577 94634 66416 42488 65791
1949 19
24096 18968 82966 71256 98832 52845 2883 63589 5658 7767 99572 99686 77607 75188 21318 29512 46254 41367 1416
