17
960 111
49114 44261 4772 10246 51876 7544 17016 76539 94952 78074 30117 74361 25961 107 66862 63779 31336 5475 42225 39628 59943 26599 48316 42917 38070 11448 19431 43639 87445 62456 54891 2488 87712 51196 59687 12061 50052 66161 63356 12818 28768 31978 59494 84810 48563 46174 52327 59873 94999 77346 53154 35120 23922 72223 2051 44935 54522 71564 53485 265 62564 64418 50403 94718 59962 50486 89679 946 83591 54465 46962 29567 10869 21090 51861 9966 10637 88364 17116 74055 71219 33843 32705 87227 48693 60256 39021 31496 9546 12806 54143 5725 54444 5471 99784 84873 52636 96093 97687 99308 15855 79676 3101 65075 8638 84320 25355 9421 97240 78036 52283
345 99
10102 33481 19434 71301 38678 698 41904 58235 46239 967 71140 880 5633 82196 70269 9844 89511 47976 58714 49783 91040 2793 18924 22031 54833 47044 70045 51657 13096 32967 54759 90733 89275 48445 16279 49726 83797 58569 46918 54618 14136 69386 57587 67453 48436 35146 52092 62120 27876 2813 46541 60681 62251 81026 86962 25649 38844 93210 11569 94392 9072 8460 71580 53331 25490 25046 14529 35454 57555 85130 75269 13273 44631 4985 32687 32086 59800 53952 31543 79204 63367 18836 70007 34081 3643 12122 79533 11155 43678 67835 46830 77433 60044 40688 93506 53371 27194 909 18780
104 54
35639 66805 93797 16248 26272 54611 53039 98845 65174 80343 49340 69418 22566 13050 83204 95619 57624 96734 29692 20911 51093 47165 73823 36575 87373 53550 21149 64295 44980 6276 22182 75719 32099 22098 21326 25208 3160 81443 141 59961 20568 94477 47235 54642 98458 4386 86878 86013 46697 68697 96133 6582 37849 91627
773 413
34155 85500 36688 83921 91553 64335 62500 43252 340 97600 14896 36856 87989 94678 44107 47246 51228 51659 56430 66056 33255 64401 27761 27480 89321 54699 25378 62596 11912 81216 57091 14738 98531 73686 90151 50750 12595 15369 69570 90526 16143 10651 40332 43473 85998 21310 53506 39026 64494 33144 24255 3447 13041 40931 19322 85050 35709 57597 25949 78980 73247 64388 992 58085 9426 78416 71093 88768 34911 45725 89292 32132 19390 2756 50141 76312 25659 21198 26302 48263 2160 64038 39234 60291 17138 38060 24959 19898 5703 68147 12658 76853 84406 1433 71366 20407 35249 22849 55725 92352 11321 69003 32600 56363 89712 60089 95708 66423 1871 66 18450 2002 31799 1904 44507 28966 60039 25807 9116 5396 89374 97602 48603 99582 66995 57874 80130 11948 45825 98151 6431 39739 65491 59080 19499 4707 65029 28461 91564 18359 79389 62323 24575 25085 14406 54359 22685 13759 37301 19092 64331 90669 93634 34768 40416 56525 75902 30500 72084 85862 57059 48130 76254 57408 68181 42710 12628 18694 61749 56604 754 13108 72888 88687 45291 45823 89177 11080 70947 37383 70689 52749 27971 21651 46287 87179 82325 37267 59114 91001 51565 66333 44945 35877 82453 47531 17818 60357 69699 72668 34776 42368 69938 23357 2547 65090 53293 71569 55064 68235 19769 2259 55563 93012 84806 14766 82901 96821 64975 47106 27293 75996 99424 63814 55143 16022 15057 35520 65832 55724 21772 84634 19694 80618 95228 12277 20867 49498 80567 76369 40900 61772 52588 87995 61312 31686 61969 56309 81533 15486 33632 13115 65072 64226 13329 64855 18 19722 65945 83085 12476 96323 80308 61371 5954 38554 62149 53411 49388 39305 16841 72582 41749 38865 14048 65974 8511 62585 26354 79617 20947 5864 14955 1933 7525 3227 54996 17957 51993 39750 97965 48299 22122 76781 44374 14586 23917 9033 74132 78684 17099 49589 89792 27160 77819 9617 55010 30588 18867 62853 38470 60062 47808 56365 56414 95330 36156 95745 32233 84172 33463 31810 46121 4123 57725 50344 15093 66865 62285 72068 75437 6583 12367 22540 8576 54273 22581 78908 18587 55465 68991 10184 6919 44909 59528 38525 24544 99274 82171 87844 23163 4419 71440 72880 43335 69951 83815 90505 80110 57360 73705 47729 79816 15518 8475 94839 10818 62261 1209 87020 89136 76815 37145 17316 44798 91569 69899 50775 21853 75136 80307 57142 2072 3619 45488 76286 15092 96306 9250 96812 84781 73031 32447 20311 70584 57047 84957 96979 58186 31355 89522 37690 80875 21067 10897 7865 87473 74427 16567 74422 62080 60699 71937
288 381
32732 19591 42202 86166 73006 86163 84940 65 70798 33874 48864 49569 5525 30460 20830 94500 61874 68478 28292 24646 12610 27772 38823 93322 15407 6755 15094 7608 61824 21689 92320 87043 64610 81845 35855 87616 38715 65605 54124 70063 62981 11741 55243 49529 8094 44000 40410 87203 51674 39999 88453 55478 66702 16390 15962 55564 10316 61768 79023 88846 2929 46877 20942 38030 92567 45835 79956 38654 9829 15188 94403 98375 67542 90745 4319 7567 90872 47981 36842 30686 45452 49322 15187 56212 24550 50382 88213 770 59843 39084 75399 83713 95470 14448 66288 13479 42433 79899 77114 79563 20782 52489 7247 86352 55063 99175 59892 53054 27301 80968 54288 50844 23356 28087 10911 17255 6660 93064 37021 82338 75088 19329 76122 78310 65768 8470 38661 14826 40744 29609 95313 19787 37142 91212 94376 28230 64861 84749 45628 11820 11197 17067 99352 33324 16384 93781 66022 21014 37629 12135 60070 50346 55050 23815 49060 58728 6930 89172 15038 18388 49318 22299 65512 85951 40501 15757 79543 91591 63813 48833 871 19294 36004 44452 79862 65087 20660 66065 87627 96620 32781 97090 40448 83175 46188 94758 80173 99778 72666 9599 79896 91150 25275 55540 99245 67851 30725 272 85871 3654 6490 36576 42557 84995 30084 44210 8964 8667 20100 28356 22556 50484 52097 99149 55392 44927 96275 67610 50508 31713 529 25577 94634 8349 75838 6247 23402 62094 12905 50559 91955 91255 55957 93006 53985 23235 69335 44117 19868 74056 9006 76822 9872 16483 54010 36171 26943 4280 72049 64302 58980 89766 92307 22589 5314 77227 64849 74663 80960 39407 42141 86829 20658 6147 40308 15590 42616 90007 5581 16768 54771 72333 11891 87131 56318 10169 33782 15636 14690 23934 47914 99809 2492 42521 18519 27340 20286 77999 81171 49511 12915 97774 60824 68694 21590 33614 55487 73060 74901 58909 57539 56699 34277 92997 37573 69942 4720 88987 91158 77942 61052 2313 43222 26270 67000 65978 97803 2098 16860 5523 16928 12651 78393 68505 27741 60229 88100 83483 61164 41082 80089 97691 89683 90777 69598 56427 63652 56091 80949 28994 32691 12802 32552 25736 25800 29687 27865 77720 67168 83245 34053 24331 69302 71456 75061 79296 20061 90147 78150 21402 90184 5255 66035 25874 11473 13611 31608 75578 4296 68395 54572 43903 74450 49641 48061 8189 98244 64093 91041 57540 5766
618 841
47570 11725 79403 2042 59195 29612 77842 6653 61549 4549 53207 28098 92670 9613 80197 33401 12763 94848 78509 99385 27522 51946 57625 87678 34802 43900 50068 92376 54028 49476 38451 47972 96595 17516 35909 46144 82165 64856 10110 506 44962 36891 25405 73410 55640 9852 16089 34322 99728 99065 71028 68426 76069 41236 12273 83716 59260 83950 98683 26803 23134 55197 57089 92171 45465 61961 87850 42655 94567 34884 53887 75526 41140 9247 82666 13083 87340 79840 10733 29410 7176 65249 45175 84474 15469 34754 38105 82461 53291 23555 2317 21646 55235 19358 27228 63970 80738 99351 24846 21095 7145 19109 51611 1344 1607 8716 5513 26401 31775 21396 4181 58119 47702 51938 11468 85673 90270 75858 27535 75059 12285 14517 39103 56577 20440 12286 2653 69746 22945 76335 47638 39525 86825 38551 33964 48613 65289 94793 79939 94223 8032 75260 63706 85002 65380 89487 57936 40513 61761 37108 20603 79104 32999 22774 11762 3956 82048 46774 85828 33952 55277 81491 95756 23950 2731 15454 28567 33049 84884 41119 59612 76706 49974 40680 91519 97051 51036 52449 83296 95880 28697 31761 99394 59384 9235 56592 44851 72502 95101 34281 81901 99192 26191 9166 30922 83271 60730 21155 33612 36266 56235 30540 52733 54213 1907 2849 2607 51656 93244 29901 46127 32367 56561 40096 99204 66532 15526 42566 68913 66390 73589 90083 28370 20072 85385 89545 56718 87017 2862 56379 96048 96220 36795 41814 58263 98754 84980 48057 99334 15312 35764 41959 8848 98457 21915 24770 27657 99159 70408 82006 91691 29460 96628 95921 41587 37463 13039 87701 87867 26048 27328 8047 3286 60144 47446 67238 22657 41879 95239 1350 16929 66587 87361 61653 63600 66365 94020 88229 20776 7309 97944 31430 23642 91492 1667 64146 26837 56866 30487 22359 25337 53765 9616 46177 85395 47061 34696 19950 14372 99223 63944 79819 6478 78323 15125 20592 58681 17322 12776 36091 31947 39586 79070 80362 27929 52411 16198 84943 4504 96707 6915 50985 63091 57675 10547 59506 24752 77907 68864 32390 39486 20649 55960 96155 57835 73480 69031 45231 14216 65981 29417 12581 12254 16952 60398 5908 56488 55998 73137 24615 20872 31663 19053 72673 40049 47371 71176 22780 93814 90846 86336 27062 11823 38825 50470 63515 46518 57963 25447 75221 82617 7000 20800 14774 92998 97137 73991 87729 90873 63947 47199 48231 33834 22348 1608 20999 21574 80071 37437 66460 64603 1053 23705 16191 18321 30863 69283 74386 96396 84863 27353 42736 1744 5234 79576 8751 97557 36921 85816 95046 17081 26563 198 85789 57057 18808 93115 64086 1150 50162 28870 14941 73261 35200 80948 33745 29441 75385 70578 11367 55997 66943 47191 99066 36452 16971 47006 30612 85700 13913 32344 50839 82790 72891 7641 10852 99275 3655 71142 74348 68324 98639 52535 26369 45344 1291 68393 22030 2902 58799 89207 45218 32703 9105 57365 74556 64438 50663 41850 18234 98609 23330 18657 19502 42447 61656 31343 84532 97214 26434 87153 49860 92811 10463 17374 48768 62144 94326 8495 44167 17950 40015 82477 69713 9677 3320 17046 79781 52975 51541 72155 72202 80412 37293 42174 11809 31390 79559 18785 78774 8437 2908 50549 22088 19187 71207 73161 66687 77047 25081 18386 48439 95172 65892 43470 86949 47167 29239 68266 39131 95654 79028 11394 14515 46832 27164 71906 78154 24108 5538 60101 61240 43840 1158 2319 93956 5390 76355 50493 84139 24268 29809 99392 68909 29250 88872 6391 50776 36618 46332 62700 44771 38907 6592 21585 69406 79439 54656 44712 57083 80847 16787 16650 74602 18502 34701 26479 90746 72301 13980 17078 66868 79362 14919 16144 97787 24582 25180 65773 7908 85310 51718 85405 17144 66878 44227 95279 59372 89710 40199 51752 85795 39291 76791 77810 50951 45605 46977 78787 62338 99183 76303 99459 47551 28952 34800 659 78804 83806 37044 97465 44896 57146 65609 55709 9146 32953 52010 39747 32053 49647 72662 19799 65015 94273 29631 94103 78775 85584 66797 25295 18392 7187 42967 43892 96524 23593 29337 82619 30630 64692 21440 46034 70384 64642 86305 55919 67666 23528 70941 89819 62809 3313 88013 71857 98474 81229 49674 64626 29913 74323 53495 74082 45831 43315 4528 65381 97805 95683 76333 24381 51273 82525 79950 39220 61472 97193 91173 6686 87879 13707 42727 96604 26204 84901 29202 19692 79142 91975 56556 4554 13257 75223 60817 73386 14438 22909 46773 89715 67041 12693 38999 52659 82926 17629 62543 10229 61110 89730 71742 58901 169 63610 85063 43126 82476 23560 79850 43174 4339 22984 37544 22097 77360 70364 40644 62064 28020 23015 44116 7938 32586 73214 98066 20798 20758 37503 88015 14312 84448 76568 22026 48143 83794 74302 65368 15797 4838 85886 59232 41039 2103 60261 46362 70206 7981 79832 87377 1806 12991 47028 8361 15634 21763 95217 24275 31244 10064 41893 73077 68885 21987 52324 77153 59320 65858 44355 75441 5160 65640 95903 25597 48086 78325 9992 35953 58727 42408 38614 460 42414 62334 70133 77823 48 83821 31881 23311 77018 61149 7373 43899 96154 20601 80338 43561 14119 43630 37811 17844 70036 27300 13785 92409 29118 30585 86347 98604 37436 96467 18860 4660 23495 46151 35089 66957 62761 41076 77293 69637 13120
563 789
73819 2830 43056 78506 75293 35388 88166 94983 91563 62176 12846 44366 53950 2749 54893 80047 49329 66075 97160 16332 33690 24864 88929 12876 73128 99053 4079 89382 98583 89979 28850 27315 22642 83061 47951 29820 36165 45945 3060 3112 61767 76137 77743 29873 5430 59746 90263 64528 25249 8155 19758 29008 24064 21393 99676 99199 26235 5308 3788 88424 10214 93280 6086 10028 93297 69341 3689 408 1597 31897 87543 28458 28926 27583 40334 40817 13712 96711 12175 68194 5105 29303 74123 70559 94837 37758 98064 88618 24450 17866 53524 25902 21276 76340 96134 91673 10722 53163 22670 20858 17921 65516 18116 939 2758 8165 43584 75224 5276 4199 40449 14750 25685 98842 29760 95815 69556 69373 2626 68689 35055 37931 36246 87201 8653 13909 32048 10091 51295 42875 78730 38068 58331 69243 51867 68285 15957 83811 40124 36767 85415 89149 83923 151 54080 91978 11423 21696 90710 94310 28038 39951 71695 10987 37796 12604 31656 1626 38751 32978 53218 14441 97383 70341 23870 35981 76079 36121 22830 24590 38973 18868 23036 3242 17006 59910 90003 93820 39336 76638 73479 49439 57716 55059 33432 53601 41975 19287 46191 39677 8696 64434 78654 44515 79189 19940 32612 45483 40088 6171 88758 13992 75703 45909 47125 39130 53472 69577 95598 13058 45455 34183 11747 51628 28620 48339 37256 31198 53489 46941 53343 45768 969 83742 94049 8278 3815 54410 86089 5020 49065 8788 64412 33442 93740 67893 51780 13612 42252 62156 14490 69888 59862 18993 26952 62632 73835 83569 14865 74604 3950 5226 91078 45559 89864 56879 60099 27898 90288 96673 51121 35795 95057 42800 93325 55112 12564 33606 49009 93220 37150 75621 7528 14575 29474 4472 91461 43089 34399 92419 55588 51296 28671 64617 62777 75796 19539 24873 40204 43727 46505 40653 8881 8652 81380 26385 22829 25622 23289 82526 63301 70743 15889 7515 87082 36442 67189 36823 9056 72034 53174 68376 8671 76386 95183 1418 33148 1170 47921 52722 29170 40283 8116 85493 71051 55060 35207 51783 66487 78581 57420 74173 64455 58282 60364 76662 45321 43625 92005 22913 3000 31569 30012 97654 2772 75587 67441 7755 44579 12222 73595 11355 40573 9899 71741 40901 77366 66531 99102 72363 80085 19920 49272 39756 97355 63237 76699 75394 73776 34650 16105 8254 36477 44248 61836 28202 81256 54843 73955 25710 39768 75107 72788 55763 51399 38482 45803 87318 8829 74620 78712 2933 89856 54104 96386 40566 94383 79344 92488 37315 67872 41386 75311 45967 71279 82495 13473 3560 31748 20969 56682 92202 71054 43935 86675 59119 1596 51130 59124 47291 13878 78578 94803 74747 96012 9270 85299 47440 66684 74872 83788 34937 51964 20314 93776 69512 98127 91144 15383 566 86578 36773 91361 47195 46655 6551 47788 18731 39773 16127 62196 30837 85654 52686 22398 6764 67061 55069 54006 66980 86971 60355 47949 24063 28815 58867 54039 29149 80577 60775 51922 88704 46989 36519 94831 9262 24977 98971 33798 31956 60363 23078 50212 74749 90564 47024 73241 70473 15990 63820 10048 25164 59083 43660 35689 41420 88880 20105 99675 19569 33074 39680 30259 4484 5585 82805 43617 93353 57459 89368 45872 72074 88782 19850 68539 48775 92817 56605 76929 83329 51379 93314 32190 21533 34739 23362 97367 42573 88068 155 40054 43450 77244 28251 82330 41635 17401 39483 88600 65666 48658 93424 97070 84888 90845 32042 73226 52208 91911 76143 67816 86551 30834 37976 83562 72952 36364 84740 76820 48244 1348 60671 91746 75851 64203 30568 62661 88322 38930 45340 80442 4973 41102 91677 15378 36177 7690 47855 78466 39432 29816 76950 32726 75029 88303 2056 60427 97318 23947 55226 54709 36343 91574 77774 93813 43713 3731 18357 13803 14616 10951 74413 70745 1813 50466 64772 91241 2086 20142 44121 87993 37535 37411 43480 8479 51000 96650 34630 95837 95538 96472 72120 83808 7232 60594 93330 61490 57583 94042 8523 34663 16473 23304 728 26846 83501 60020 27230 18883 62210 70307 66218 83963 73252 17010 6722 29420 5030 11836 39071 88597 10868 49313 74283 36831 59491 31460 66382 82773 59409 43834 67211 48585 4765 5202 2483 53292 4128 3494 3723 48076 65618 783 19117 60414 5218 71668 82995 92527 33466 12294 19652 23234 90258 11482 22233 42754 79273 89786 62767 38893 31067 30763 1321 56189 27124 20460 18900 9236 36103 77001 29957 79360 37932 39090 12490 85995 43636 79047 71566 69105 35716 95308 92356 95879 79169 16189 36398 93579 88554 21192 68349 75023 76610 31137 56685 6828 37603 7974 61856 90514 62617 71329 34936 10507 61907 34143 31267 33418 57494 2805 99909 21379 57945 79419 65678 11328 57556 12447 24070 52015 48336 40753 54945 43191 9271 33877 5022 9796 9851 95137 76374 54607 63225 38555 34750 74515 41460 54058 92990 45377 15761 21854 66439 98286 8006 14036 69674 55733 25846 75095 40434 40761 6080 83674 70618 47014 12044 69995
604 291
15697 61618 43980 44115 8745 32449 89849 71932 98954 44220 21317 46220 49025 90348 81052 73381 35330 2747 22985 43487 62628 87834 63900 41055 80675 41303 69820 23061 68696 49970 4377 49197 33280 21652 70317 30721 78029 1593 37190 77251 4589 82112 77019 78271 12810 35320 23806 3116 81115 99463 62387 9519 51111 23354 14697 60033 47793 97297 93430 11231 85072 46275 70426 71437 79600 60036 32442 56823 71905 89037 50236 2519 39197 15266 63024 67928 78569 63803 99234 52124 42378 50845 35779 24756 81245 2123 3887 89826 98644 46979 75222 81458 87385 86367 68634 32862 17809 30956 48665 51575 10345 10575 97972 17214 8675 56540 56015 20231 23981 80626 88710 70878 92557 13336 77161 47511 95370 15770 39961 11951 52084 33452 85264 96196 38867 50128 59206 48588 46349 54772 12572 38172 91899 17195 54603 42234 76161 14087 63757 50716 33293 47327 97362 17367 8414 88264 51913 53193 44023 30826 80378 59438 41091 18342 24347 63624 35232 56276 99202 10475 12010 69856 95402 39332 95039 48178 9118 73106 30227 80044 84204 8760 51753 52974 66195 63992 81769 78518 77711 15334 29817 47389 96207 36970 61591 66041 83629 67662 11675 9921 77141 56678 46567 8518 54336 34503 91258 93267 90741 1416 23231 70950 34959 66605 18985 64712 31407 16617 47249 3049 5378 59390 28145 86185 18574 36504 85883 8079 12833 48418 52941 94879 39041 78249 50811 32635 93334 5137 10531 5623 42717 14951 47944 73055 47623 18315 70753 12797 88099 60603 15831 56211 35370 66168 85472 40397 53149 39692 54973 83117 31093 54084 4502 97590 922 79946 19392 98852 37176 35801 99283 56667 27986 48122 69547 3061 59761 13840 91853 82376 14028 61796 94099 53180 26005 25560 19715 49456 89777 85296 60795 11643 56958 70517 26602 18649 48629 20545 35588 67049 96266
153 124
81942 67420 73605 42747 69325 2795 23461 23789 17428 83074 72042 31296 43976 29110 35907 61998 45422 92772 95680 69907 69612 71010 68936 16810 63471 21348 58936 74538 97293 85557 24082 65000 50155 12326 98906 37037 63567 82025 99514 83165 60313 31833 50731 54575 8019 65173 94005 89653 87795 87884 64357 42672 38997 82909 25204 67895 85924 92921 4687 88664 55867 55539 95434 25536 60065 30433 60192 17916 74915 34468 91739 23857 25701 66691 33827 5630 72235 20643 55589 5841 43648 58134 76992 70985 25545 57210 96191 19820 35461 73898 19406 62536 31629 31613 48237 95253 76540 81340 61210 38162 45553 93447 60136 6603 48289 39365 74665 41302 98993 73312 60896 5567 38527 42473 40754 88754 35956 86230 22851 70138 31103 58395 83707 62092
541 343
41681 23747 86243 77717 19910 94955 47116 82658 53936 14142 67580 83791 46281 39892 64202 84120 72338 74687 24554 88049 14308 44404 54504 81305 12585 56509 28791 6634 30199 84395 34240 4638 89682 41767 86098 79269 71775 65329 43586 77091 47383 25732 76631 9016 51021 86958 74980 65837 28681 44588 52841 39140 346 59079 37514 24247 3417 10896 59878 49051 57120 97247 65596 28494 55323 60127 32944 42611 91905 39738 83012 81847 42792 95285 76493 16420 68680 6647 23713 69789 77334 1160 2551 35863 67654 54035 32212 58479 93668 34367 39415 59191 58748 98229 62786 70150 50983 44684 75163 31344 86733 67600 91259 32932 53341 1096 33360 33299 53330 44288 73594 17377 3889 89821 31884 91123 97384 78011 54353 28916 12923 8012 12525 49716 90020 38234 50713 87651 41013 77964 17976 52191 10727 24918 45680 90697 69077 56696 54643 77622 90725 78140 25793 2308 78383 54272 81253 33832 1276 82289 13918 63845 63394 69594 61146 55783 26660 16188 39087 55931 70184 22717 45870 73376 96937 23618 66803 10565 49539 63738 68881 38245 75469 28856 78909 16708 90654 83091 70848 14671 59166 99993 36754 45043 80177 42126 22669 38718 14568 97597 93834 38876 75563 87659 61138 60347 22767 65006 85752 72254 60293 43828 79458 3755 67424 76892 55461 50287 77151 72496 6146 34089 19003 75825 39842 59906 16680 57066 95975 8430 88902 11286 83183 25220 16115 32474 6906 74549 58953 15149 46767 48413 76902 69693 68069 32384 27056 13600 20785 50448 99491 76512 11104 49709 6036 76801 17561 7250 25265 52321 59795 92955 76544 89107 85964 2752 92781 45399 99971 83249 16324 32536 31760 17528 73317 92722 12442 27692 97860 61669 53385 21026 52333 41043 87258 79529 97246 91434 15353 81137 3063 7412 7264 71518 10591 60650 78456 49211 32652 69073 29368 7218 21406 7660 4260 19106 81919 90084 95066 68414 79107 38635 40206 64668 87626 65010 94973 7258 46688 95557 78199 57005 80973 20249 47289 39418 79020 40779 97855 94598 82871 69780 14326 28866 9046 73946 73007 41058 67992 59954 43399 43203 29324 95352 62538 95074 50782 32148 78614 53040 88683 73520 1130
201 663
98313 17082 99781 99652 15720 12392 85007 36237 78398 23080 28491 89195 4068 99650 64698 45124 19990 19867 84468 33464 59263 21127 56238 73151 53266 68900 68009 91341 96092 65950 93739 14973 8622 72250 70937 82261 38949 5279 87376 89017 492 44375 85176 70500 41514 31908 26949 48174 37036 82350 51969 69503 31625 34733 54427 7870 35478 78662 90562 53667 92240 96079 69060 61713 82275 96326 57029 54887 83446 92748 78946 29185 72488 65783 99035 93931 27679 60569 14334 64953 27866 6967 92688 86682 82678 83588 39882 54599 37898 76153 76065 81127 18494 68999 40732 80505 40313 29227 96370 83536 82651 47652 66592 74052 50262 90696 88648 33999 65815 85364 99563 19138 51165 18972 71679 74193 81487 68980 93184 56607 81375 53783 7183 33168 94167 98434 94656 61076 38268 45444 55293 77421 14415 47473 50856 99517 10879 1003 16703 38345 56136 40260 76448 79305 16509 5139 75067 48476 63312 96076 16892 39287 32934 32748 51966 95249 42541 11922 27503 64717 53059 37307 62721 99695 58585 69522 8906 11577 73314 43065 16500 87102 29952 69886 47310 55253 64055 89254 33882 11478 63864 41625 56521 73890 78422 36671 32079 29077 48451 60643 74 76197 50797 93716 39851 76283 13295 67665 16731 99981 53544 78241 3370 96210 91290 22615 83426 24495 12436 90897 69365 4762 61260 27416 31006 97886 29430 45928 65554 77262 95655 58622 25878 66193 71683 52099 31615 43481 86124 34389 466 12154 71011 74911 11960 52104 98610 57580 50708 31464 22683 8250 18929 47684 99732 37372 67714 92865 33490 6533 24727 1892 52079 61612 74081 93748 66514 9097 46893 27714 36071 38445 98409 59387 17707 41086 57743 30088 87319 77196 57962 90310 93428 89797 26307 51971 83461 28354 40716 72746 15185 94563 60762 92695 87491 26904 69647 75011 85681 99869 1784 17387 78103 37114 17723 94916 75342 19330 61356 82882 45689 70048 34302 34863 69468 3632 61555 84992 62450 51743 9605 85352 12722 32759 92359 84382 2207 4648 30242 11005 2093 4230 44599 83626 77060 60579 90472 19790 50690 8140 58406 78321 84364 39516 16273 20376 6193 6419 42012 8567 72228 69131 80332 96505 1536 7497 44682 10684 95970 11867 21831 15243 52718 97187 13800 48348 90874 72019 17483 97133 51996 21844 88616 67880 57906 59395 91433 64012 17674 28016 73328 70546 41730 16079 27193 71726 24276 44264 71340 26164 28085 94724 4259 82142 18119 13641 37883 30683 36278 92723 39610 51999 99669 15050 41028 80680 75674 28758 31816 10544 56239 58862 57447 9653 9160 36838 67384 7099 62270 70981 99341 50016 60618 99581 74909 59481 1896 29407 79984 26047 87344 29124 26355 52943 67151 91156 29453 35052 93215 87448 26336 29853 43611 91735 93069 70345 43818 52552 13520 8951 49955 72710 43120 10449 93422 70360 25462 39416 30961 12338 82087 91793 56090 60683 25725 76535 47719 73864 75338 16704 75633 41776 98094 25969 33808 12031 20486 95295 30492 63745 35139 31462 77187 59707 49807 42389 85992 64148 57654 14369 63153 69623 59577 36947 85899 33234 3996 15384 42729 40544 88713 28386 22441 35039 6266 69905 6279 94244 61120 1037 98385 14419 39966 89225 78871 30477 52777 90208 3086 67111 80479 17555 92241 87476 92441 50367 27 67308 73756 60091 6922 6745 95567 35921 79512 45451 64395 98895 55636 80182 76805 31547 71717 70210 82647 5447 74483 44152 96325 14242 55082 35368 15969 98281 3147 77713 99847 13047 68184 90543 64976 53817 25252 8364 97976 8623 72380 82975 79052 79507 51205 72706 81178 34618 32318 56223 62627 27338 63605 92626 69738 70813 95811 86945 49236 92574 18209 71262 88794 10859 3008 46440 74590 17612 29374 10407 75896 4691 8741 64867 87973 53124 5575 85270 90156 23269 28874 91075 35864 24785 43224 89401 51029 82043 59570 47164 68850 537 65204 32125 48064 98739 39875 5955 47606 73659 72266 80712 53755 501 51884 12177 2965 20424 42359 1976 1559 403 82971 89884 12859 70962 18433 89946 72130 39246 23519 81273 31530 20636 6599 58313 30322 91874 62484 23966 64700 52964 49288 38327 55423 95024 28175 19823 50857 86738 30894 55991 47625 31941 93256 90907 33872
219 677
24788 65039 67 14155 95752 70166 58568 95788 85068 3378 53696 69729 78368 98466 64117 17807 52623 30238 58818 41642 29279 41231 66026 72499 46669 10634 17769 40009 49253 19002 55476 75485 28865 78148 61587 34611 79915 64819 21958 26705 97744 5947 4960 25440 80658 39642 65266 17987 77519 68125 79689 6548 75947 50365 79304 37449 56530 63701 45271 53645 24274 96553 12513 54571 28427 47837 51792 37003 26648 43707 43987 51311 63550 57241 18171 58782 15603 42070 69871 88589 16656 12779 49799 3074 13510 6784 31284 48253 52695 85120 86055 89769 22600 37178 51749 40409 69802 75268 98486 1182 87553 11441 18740 62530 53130 49891 14550 23336 66707 70168 96638 46037 24511 44516 12505 34337 28521 56123 48459 48811 87630 91808 60207 59529 3446 71744 68854 45125 20519 52978 17578 92028 22222 18295 4025 36820 13678 37993 56464 7083 97135 45328 87862 6812 4928 78965 99979 85134 20738 68449 29986 70141 60453 1568 74711 98072 57829 35275 60151 81936 88989 27068 96691 14939 27765 75134 13076 91131 48599 67160 57910 10717 67226 28836 28683 19218 36159 4932 49019 95691 67262 8191 74557 23977 36770 41802 87189 49795 17285 1867 36148 26135 61829 14251 8109 24737 8968 5312 29906 76645 86763 23739 58752 4571 23725 79639 42601 10057 44099 90161 87516 2493 405 39673 13859 35878 11612 36181 38795 20983 13584 99841 18238 59697 25836 48205 36580 78714 34987 9784 64000 94319 63988 76078 65881 73394 89244 92693 83090 93954 60359 11532 81926 23902 20316 29335 28626 12148 19490 42390 48567 17015 66942 99128 84797 33810 1601 83848 68870 75054 51315 75068 4763 27226 72589 18010 37275 44402 24638 47016 54553 96315 39139 93305 36365 1119 52346 78438 84831 6532 47836 67955 64751 36173 33031 69582 43471 38315 12988 89954 62918 29339 52436 58678 79772 26687 1459 85338 40676 94158 25941 6135 10066 92902 79790 10208 71326 20351 80825 69124 66335 42909 16184 99867 98276 4595 68065 66849 22981 16654 440 72224 57548 99157 9355 75776 88363 25899 62478 11788 92682 22936 63035 14309 69724 75949 5512 45863 57324 94349 81737 4089 58963 16541 39746 4142 94826 10108 43209 59139 58243 95167 86731 21961 42132 82055 63043 82522 13750 82556 25618 70507 17998 14719 23814 58336 34685 3797 25765 91556 5782 91347 11662 1661 39587 26203 63891 71457 68568 89297 83988 25167 91990 26941 19065 28351 83976 12347 32155 48474 18612 88537 30182 42586 91316 19403 4032 60054 74531 78484 54775 8973 56115 55477 64607 58722 18250 79209 10044 41352 99256 92401 51386 35670 26228 17530 20642 14042 6267 47104 57972 58956 29977 34661 65685 76748 14366 13617 31038 63052 16613 66179 60425 97916 76841 41240 72958 98496 2229 34746 70267 28625 89334 10631 40899 92501 92163 8531 67505 93610 38875 22710 61116 42887 97970 49309 24197 43981 76418 71934 88938 36404 56413 87644 72600 84606 83174 38343 35407 64477 42069 11937 82011 94878 56320 6528 81154 32441 91697 22661 28899 83857 38462 52551 19495 41541 39627 40562 74250 36769 37269 57609 72284 29652 36821 34224 98309 92940 76316 47092 54166 4820 72664 3482 77893 26362 57615 5284 18150 43122 71252 7561 23702 52021 96112 89809 91977 99908 47730 33620 43058 91859 28940 41320 62866 39411 72924 36642 26226 90948 37540 37700 65647 85022 40848 10821 99628 57909 85535 44670 16843 76838 87084 95672 83601 4211 47550 78044 93780 83832 43284 86489 90092 71222 75826 56118 24591 30946 35549 82570 12640 3128 83885 14453 9314 65814 39439 13395 60968 67575 82374 803 84692 45059 52844 18261 53132 37177 35687 15442 50620 14535 96292 74327 12706 91863 30607 44024 60761 31583 63616 45988 6042 79039 83998 15987 63658 22674 43926 62287 32557 2850 61324 28365 36496 50813 99492 75869 57428 27085 12380 19315 32565 31178 58505 12391 88103 6234 35991 31907 87927 39107 72203 36039 89636 81821 11625 20144 60670 31226 99495 71877 78153 74278 97862 97517 74039 93971 68607 14310 48791 2621 38966 18838 74460 55569 68642 82200 29308 71632 49556 7774 24046 47386 79680 75128 51807 99530 79815 96556 42991 70703 94572 3209 37842 25492 58112 54181 6699 56154 22565 94156 32751 37971 31971 70903 86440
127 159
12558 31014 2689 70028 77496 64358 22150 91765 79279 59523 68481 64294 94962 46453 22991 37644 8588 68877 74849 66788 23978 91455 57398 35244 24278 15760 26769 59081 4153 55391 87635 96219 2696 44471 78001 84053 67429 88266 72165 46627 84728 526 37605 16266 59896 89084 19709 18976 61415 43812 20701 87987 2286 32286 17651 12104 88751 48953 43933 86775 5569 25641 30136 74049 57721 57174 95687 77426 35806 36695 65688 39690 15040 30355 32205 67221 88430 26328 13681 23855 84019 99219 87820 46709 83532 43662 48383 19691 9075 87014 51460 4890 29470 87753 50538 28323 57417 54155 26343 9102 3290 35595 24177 18423 77077 55854 59389 32030 42336 52968 97215 90044 73486 32521 30591 14794 97415 56487 87293 4516 301 54498 70611 43835 24364 28931 29480 45034 17246 5963 63291 28015 81732 15975 53453 61459 51446 70799 36412 23775 86514 38766 17350 91854 80727 55052 58438 9588 86515 98764 44837 810 36983 58952 54581 39232 94682 644 63962
732 409
22634 22430 46096 30624 81130 72240 34151 3997 20410 3952 87292 87200 72263 84581 10720 3579 32825 51192 81045 57618 41424 40611 41269 43572 11142 23919 52168 82518 62117 21603 93502 60334 9456 32113 24308 75673 77053 55068 34707 33308 9418 23914 9211 18445 10948 29927 2640 83235 22431 85462 32723 96644 88763 13233 82914 82256 6092 4150 35837 54046 74230 29758 21445 68363 44088 53413 22787 57953 15765 47340 54487 30538 28817 57819 34291 55597 96658 22692 20122 96400 73093 97576 17848 31001 33929 35228 65358 44269 77361 71020 23122 42549 56358 52806 39462 80581 63556 82279 11093 6696 63063 31998 8708 8972 15147 21408 12836 8666 28104 20597 51324 70756 1768 48305 79599 90019 6735 47388 78073 2907 83595 47110 83339 89749 82328 70370 82032 54782 24404 7205 76463 9657 6913 24191 36353 48719 10 1949 62645 52517 19170 51043 78888 53075 10305 91297 76466 88346 89840 77200 68371 5369 15446 66406 89308 74045 72487 98651 32627 28254 48447 515 27980 37532 36349 25173 68651 91495 48831 66916 6487 36289 84359 4435 48976 99972 59970 41069 80140 73523 9176 66694 57419 95375 94150 22803 73573 15082 32020 62267 13191 78621 27937 60520 64737 38406 30257 86503 23425 90978 23164 13911 15739 38226 30251 84300 89361 23090 65337 9396 12759 76998 81221 94802 94238 85576 41805 23092 96655 84933 5125 72257 22020 43153 23088 12826 20595 56909 92197 27291 72286 25325 20380 8260 65371 34069 55525 66133 10698 85943 14808 44359 59833 2966 21623 21295 78116 90853 87129 52144 57217 3989 97078 14829 79727 90807 79579 41659 63979 11976 78218 12133 18811 49623 82052 98542 1552 80837 97943 36007 83807 68873 6144 71293 4066 34314 97866 61137 39145 82968 66759 79601 66703 68608 49949 48338 85629 53634 64121 39772 97150 97471 22580 49330 41067 66348 91180 35318 60214 60186 1964 59015 97375 1062 65584 39075 94261 49001 29785 53897 70855 40884 58447 1502 48123 66245 46038 81543 96420 68529 599 69446 46071 53860 82351 43099 75360 21789 34610 22998 80628 64688 53730 62432 17748 30057 35431 94807 47451 61016 97466 95189 22105 8815 3542 50363 51979 9282 46666 76717 68569 91916 70610 29658 10137 35490 792 32696 38126 35180 1594 42755 30983 38355 11263 76683 62442 25368 22923 2161 12162 49445 9795 31325 16994 63847 14378 76939 99736 76780 27006 66674 95359 78128 38050 72423 79207 89202 20801 74791 9701 71079 328 9240 56734 40559 43176 7052 72904 11745 2468 23679 76377 49121 86982 89114 43843 69041 90060
632 29
79812 77063 12445 16299 22085 77217 944 31123 55182 5027 57027 10585 15471 87417 69568 344 98953 74111 83106 95255 48171 9569 33200 17890 1602 68732 51585 85408 50021
210 432
72048 39042 98657 44476 57512 31084 5738 38698 92636 58120 83578 79331 57296 749 9034 75684 58626 72148 85663 35786 42411 79406 85738 42403 25598 27254 12026 64493 43451 1185 58014 19161 72890 14553 25860 90503 66185 81532 53303 76710 51248 59652 52433 92853 50191 75995 11089 89447 61144 50632 20041 32426 97817 16681 79974 67899 10154 20730 99757 9445 10836 10027 69971 28747 50788 94340 97688 63477 85520 67888 29571 41330 17265 31643 19902 91568 85413 88572 10855 98419 31155 94352 65714 16421 81435 68516 67071 61538 80175 72021 73126 91086 121 744 55665 27501 74776 77067 30524 25887 81913 44873 53155 4894 23213 15527 8217 54140 22463 6643 84378 10973 21217 69819 22064 11634 31890 6290 6094 60190 20446 30945 67175 38631 72035 93051 46707 66931 37845 78093 29049 9133 23873 97695 61011 20226 66157 23002 93457 75197 49752 65519 29168 47067 83485 52624 47094 27856 92815 99034 33571 6088 39858 10766 72647 40806 82769 78540 95518 88411 93986 21737 48535 58530 85929 87111 24776 65616 92233 44523 48840 80119 21069 84867 30654 54079 95638 99163 91363 488 8172 61450 84518 84503 65071 54268 30858 93936 90895 73469 82886 7698 66997 28143 13089 29633 25291 94120 51640 30430 1699 42624 20744 99265 34839 7921 78913 8402 28829 23834 84903 60823 80183 96774 3013 69242 54066 33540 62116 27554 14724 84767 36066 343 37363 4324 55699 66523 71680 38691 84179 89346 62976 77389 48805 89771 53327 54902 30606 9177 17220 72178 13492 52479 24824 38190 4941 89961 18578 6257 81548 86274 95581 11842 55261 32777 62155 93248 42137 30742 56609 49035 93853 2260 34323 81102 91630 36141 3364 48047 18185 61610 5883 84060 68703 37323 26647 88283 43415 26419 98760 18921 49057 38785 99117 20807 44858 27280 63549 43492 25663 8561 97235 56812 93139 55846 50251 94497 84861 86630 88968 17783 95381 53125 95900 24618 44139 8473 42937 1341 55124 83374 61388 72103 62388 85847 14332 17193 85182 11676 8376 80017 75928 24962 7632 19570 30756 61518 98490 52895 20923 93316 72298 54770 80384 26718 62482 37259 64513 86428 66235 31210 60606 45747 89742 46493 10870 54724 97286 84463 99071 42829 43733 82339 30514 76532 77215 94651 9960 60642 92235 11408 63045 59825 83345 68966 81534 18824 13220 71650 35447 61373 21225 78806 96064 15429 72128 4861 42316 24394 44811 42733 69085 33106 58342 50558 23604 84158 70052 53139 2552 23125 37335 27601 72783 65315 29065 89982 47706 13379 16326 58017 44324 51509 52469 76641 30799 84593 4822 57258 34837 18191 17708 69779 96495 62235 66891 95184 21968 78776 75302 94034 91699 77105 88697 1258 72973 18063 70553 81056 13715 26861
431 192
18426 21297 19075 55445 77011 21499 23237 40723 31021 69485 45917 70601 34951 28992 96954 54005 95589 30469 47851 59992 18893 7502 32021 22890 96435 98710 73487 29528 12218 90678 15168 34921 29663 85834 3558 65575 57392 90534 81610 28800 62134 72262 19662 82226 67951 73174 60992 13960 29290 34907 94081 40295 39178 2858 30973 2588 98972 95143 89330 40083 76058 22893 3999 68770 28068 16169 92226 2244 85919 84077 33304 69665 24182 50747 55982 84326 45169 46090 62689 8378 19487 47122 5598 40195 7263 8192 42621 62081 13851 8962 4830 40750 80882 77572 79805 37863 13662 83313 99121 31827 85744 76694 81338 55605 90536 61119 62211 21800 21227 59108 99969 68838 75662 1431 43737 29436 91798 77951 29150 82369 71431 95715 62512 71095 73379 93587 1977 39047 16612 20458 42173 92753 27545 98527 50381 4209 3181 94990 69962 13696 37827 80654 10757 82383 87171 1347 88294 61787 72195 4326 33436 45978 42558 76749 27932 22959 73950 76913 5894 6797 53527 95060 84812 36765 31925 91329 25324 38638 71162 84565 63459 58690 24008 86951 74223 40671 86627 13449 84654 28893 50832 82137 69982 30304 96293 52499 91046 71145 44399 34793 99712 94467
